1217192512357109572448744284028137780256759535045642220207714376091886660524416215648121021445017722317923077833805273
3319645505287498192520907201549527951485107989790337675746677821349662474938279783263847441222129195105067999547337527
30434025894475633008893942175622112963382450004003450117283
90048673491386041109879828412354892678306097803702268414502639621146329498079349996685484382085843362409654709026185826731555932639
1385274218347597200211076299257886898773897701763084430500171849883025163618634487343201665330605214979404454633969
18465241544493205071412734519403789545548188213851690595360326409435542569080511342726638961663640146478251711604379583
553676014856725418530997910771749745734188557916099588474779705046502795379345043837701427887893424781847333645024599211891
34137558990105804328229597094003321302498160196892393057477775280745149537409910286174957394204798687925639356708712455415841
770829706307907989189078912095704704029303869259588046888091843034937679518075288247390311344282907215041879275850476832791
5250848972962028146075508683315652724820627543655320940804136088872720348902542231
84568572824631765328956512255496782663235415307998771464868302443733926793724645295344469507583456831552578907151
3175110513288065092782175230107609639589524477027903012815787207
3208793406565419910187356775597710395406642550569297786685542371272750457013704614316740656455640719163688599918161737114881
425231000113212707269584928119414075680085149820650884131587233037743982685191150038991863502464402636856187176807
4018632517733871710355711707656743380467397890370465340183238236829446577238894177749
1088315604601196939688820901353731976256527095174296873186852905338213082511438146532502312527364353513326365259858354929928079
30760302962964194314316600325437753402706377676455224538270652826155855385548744612879065785027163985898426187376464568445035504172307
368579363054919483497966068411281681154149914945175590811454933379658735836911353002039758887157628743959591080998604805292069
220137703155353935460231461638666467064947734635071609565921323941
2311023535763202276112096365434076272159962757927459235835500942951493214072361190359822397247300398301853464134379629
1718854558217426935244706556893667509499736606140205503844165731848424770403955420359217284457608160161716763404090139314832205328937
20012686098979924206476883173469410356047945583948120802540179083286268622557473118428175615702211523801757